
###############################
Run 1
0,5.176757894736842,55.682021052631576,67.33987368421052,77.07141052631577,83.01221052631578,87.31781052631575,101.25448421052634,106.75200000000004,109.14189473684215,101.59301052631581,103.85355789473687,103.97482105263153,71.17439999999998,66.75048421052631,70.06265263157893,78.59065263157906,87.79149473684213,100.65684210526312,101.03444210526325,91.46694736842099,87.56867368421037,100.35738947368421,100.61482105263173,106.42938947368425,108.7533473684211,113.92463157894753,120.52143157894702,115.9928421052631,118.64572631578946,117.99890526315805,118.06408421052646,116.89920000000029,116.96370526315748,112.88993684210566,112.69818947368405,113.79688421052617,18.3610105263154,75.32311578947345,37.227452631578956,105.21439999999984,109.46425263157919,108.62298947368429,112.11688421052665,107.3307789473688,104.5634526315792,103.53473684210473,99.8473263157896,102.11040000000067,103.78509473684254,105.4014315789477,111.08261052631622,106.62189473684138,102.43477894736866,101.39621052631618,100.75073684210541,103.9235368421044,101.52858947368307,100.81642105263104,104.24614736842064,99.71772631578891,102.69221052631589,85.53591578947338,71.87065263157915,63.0928000000004,75.57322105263115,92.80345263157893,96.73743157894765,100.55722105263206,109.08101052631609,115.73599999999978,115.9281684210531,111.01768421052671,107.39595789473721,106.04564210526333,107.07915789473645,101.72261052631663,103.07545263157839,109.14593684210558,109.07848421052701,111.40547368421075,109.3995789473686,109.85229473684213,118.45347368421005,115.41153684210569,113.47680000000022,108.11065263157951,110.04858947368407,106.30054736842148,83.32016842105315,66.22526315789425,81.86433684210515,95.37389473684208,78.28134736842122,71.70770526315783,67.82938947368334,78.89153684210501,68.93338947368552,58.32227368421053,65.57178947368332,91.33616842105336,85.74846315789632,85.58113684210566,93.1498947368422,83.85136842105231,71.4435368421068,69.80555789473807,79.30096842105262,80.48833684210638,77.92277894736799,68.64277894736867,47.75208421052459,49.584589473682314,63.717726315790536,70.88176842105321,68.40202105263177,71.95688421052661,77.87023157894797,77.36294736842194,86.26214736842054,78.66315789473639,74.74046315789421,71.67309473684088,73.06972631578758,77.4264421052641,78.22501052631578,77.99823157894791,80.96235789473548,85.71797894736798,83.92286315789582,84.69549473684071,93.8481684210513,97.31216842105344,94.26265263157946,58.77633684210531,0.08623157894745466,0,0,0,0,0,0,0,0,0,0,0,0,0.0030315789468946413,0,0,0.0030315789468946413,0,0,0,0,0,0.09173333333289217,0,0,0,0,0,0,0,0,0,0,0,0,0,0,0
###############################
Run 2
11.777852631578947,26.774399999999996,33.32968421052632,35.769347368421045,45.53541052631581,61.46181052631578,62.16218947368419,84.35402105263161,82.45936842105259,70.59334736842102,59.72353684210524,64.45768421052625,84.33313684210535,85.17094736842105,76.98846315789467,72.42273684210531,76.33835789473684,76.30475789473688,88.6645894736842,76.2783157894736,67.58054736842121,67.52707368421062,65.11890526315788,71.89018947368416,73.23233684210538,64.2162526315791,89.55747368421049,95.52126315789481,80.58206315789467,72.73886315789498,84.81195789473699,103.58223157894749,98.00008421052642,118.25827368421047,115.17364210526318,101.20395789473707,106.36421052631584,85.25995789473679,84.07309473684204,66.93162105263139,80.08707368421052,98.04437894736829,99.38955789473671,92.503578947368,91.96564210526324,86.78307368421058,102.21734736842097,81.00160000000008,96.37389473684176,106.39806315789428,105.75747368421067,76.2533894736844,78.72134736842088,77.47056842105286,46.84665263157931,68.63604210526307,76.02408421052623,85.46307368421044,89.10551578947339,92.34517894736823,97.19469473684212,71.48463157894747,65.6715789473681,60.954610526316266,68.54079999999983,68.24016842105277,77.21263157894722,74.65835789473658,88.79528421052544,80.62080000000056,59.57111578947397,74.5682526315788,70.42694736842111,60.92134736842055,73.16387368421027,83.06770526315799,66.50138947368424,68.70787368421158,63.669052631578445,50.95907368421003,33.38256842105238,54.327494736842134,69.31039999999963,74.08244210526296,62.52522105263133,31.30736842105259,62.64092631579029,61.14467368420983,60.51326315789538,74.65541052631579,75.4320842105268,80.29381052631618,84.38231578947436,84.4287157894745,84.6340210526322,65.23393684210532,66.25119999999984,87.3878736842112,80.37094736842056,90.8046315789474,97.5087157894725,101.72261052631544,103.3323789473678,104.55562105263125,100.37818947368434,99.14526315789509,92.09229473684253,98.18677894736898,84.11216842105324,77.96496842105219,76.48985263157867,87.48901052631601,101.79225263157868,91.81035789473705,89.93077894736919,94.89296842105216,99.03688421052625,100.62315789473719,101.39621052631618,104.94467368421044,103.13987368421007,93.78113684210564,98.37448421052565,98.98105263158102,100.10324210526338,101.39494736842225,107.91385263157855,102.10332631579006,101.46138947368519,101.84993684210416,98.87545263157958,102.69018947368463,104.10922105263221,101.5882105263149,101.46063157894548,99.7793684210544,102.36656842105396,103.65625263157916,100.81364210526245,101.52581052631687,102.75536842105123,100.6855578947364,103.78509473684254,27.608842105263122,0,0,0,0,0.0030315789468946413,0,0,0,0,0,0.10026666666741828,0,0,0,0,0.0030315789468946413,0,0,0,0,0.0031999999994998993
###############################
Run 3
1.2195200000000002,16.87907368421053,28.913263157894743,48.669136842105274,73.8849684210526,78.56732631578944,73.27898947368423,101.67486315789475,94.95890526315789,100.74997894736838,97.13330526315792,77.89069473684204,74.96858947368423,78.22644210526313,77.23351578947377,78.45178947368426,77.72926315789478,77.11528421052631,77.50391578947365,77.47065263157897,71.88631578947384,73.48892631578947,73.68724210526328,77.4393263157893,77.82686315789473,76.37145263157872,77.17953684210491,77.59983157894735,77.18972631578971,77.66585263157917,75.26088421052583,77.19115789473706,72.75629473684232,74.08227368421015,71.93600000000036,72.47570526315808,73.81288421052635,72.51924210526292,70.12067368421017,78.4851368421055,69.38854736842083,77.06972631578932,87.57052631578972,87.157389473684,74.19553684210493,71.79199999999953,81.2232421052631,91.27317894736842,77.54282105263128,70.34753684210476,71.80294736842107,67.14905263157908,66.61962105263169,66.84799999999971,69.11343157894767,72.37498947368438,68.04833684210567,93.60193684210572,100.28783157894706,107.90332631578993,110.11351578947358,105.3334736842101,109.72724210526299,52.05094736842104,60.62821052631582,72.20168421052604,78.30189473684186,79.22997894736814,25.513094736842696,54.93153684210483,75.7765052631576,76.68404210526325,74.84614736842177,31.955452631579742,55.84286315789469,64.68993684210497,64.70888421052605,66.26080000000074,69.62290526315834,70.5175578947367,68.96446315789417,41.867957894736435,22.067200000000604,22.145684210526223,54.61355789473744,66.72842105263163,61.68976842105191,20.845389473684488,14.665936842105733,49.74576842105307,65.54021052631565,65.36185263157915,65.17566315789473,67.6533052631576,68.37810526315742,84.77237894736797,99.58964210526287,102.04673684210512,103.23107368421078,98.81002105263106,100.62164210526254,102.36884210526352,101.5914947368413,101.13852631578945,101.33103157894718,103.27149473684203,102.04117894736794,101.91663157894781,103.59764210526296,100.10551578947415,100.5587368421055,100.68682105263154,102.0459789473678,100.62239999999986,100.81642105263104,103.72799999999859,102.75814736842221,92.91351578947462,93.44665263157894,92.69355789473785,90.36623157894849,85.38021052631609,73.56286315789475,54.96471578947325,66.0454736842104,75.78433684210674,57.864589473683736,64.07797894736704,68.5331368421047,109.83418947368448,107.59275789473577,106.62795789473756,105.33701052631602,110.82037894737033,42.53338947368511,0.18879999999961383,0.0030315789468946413,0,0,0.00960000000607882,0,0,0,0,0,0,0.055242105262502596,0,0,0.0030315789468946413
###############################
Run 4
0.30989473684210433,30.904757894736907,83.72185263157893,88.08353684210527,95.97549473684212,100.41599999999998,98.82972631578947,106.81768421052625,100.3864421052631,92.75545263157896,80.22475789473685,93.63991578947369,92.50029473684219,100.76867368421057,93.88774736842092,99.63385263157893,109.91646315789491,109.98088421052628,109.53549473684198,93.57305263157873,65.45953684210536,51.29153684210487,65.52968421052643,102.16673684210491,101.71957894736855,79.78425263157939,78.07368421052604,93.57136842105247,101.0945684210529,92.88816842105234,80.69330526315788,86.98374736842125,100.55317894736834,88.24496842105299,70.22265263157901,59.801936842104986,50.216589473684266,80.79098947368409,101.07056842105246,97.61381052631553,78.42054736842161,70.13237894736844,82.60850526315775,82.55578947368373,79.12084210526318,77.87941052631595,81.10147368421035,77.9005473684211,37.52277894736835,28.439915789473808,85.19696842105245,92.46585263157924,84.11267368421046,86.46256842105231,85.73271578947315,86.92227368421037,103.87124210526389,103.98088421052667,109.46652631578935,109.53044210526322,106.81338947368467,109.9841684210536,109.65903157894708,106.74694736842052,110.88858947368384,102.0396631578945,94.85296842105264,87.01633684210456,82.34964210526319,78.52673684210578,77.8808421052633,77.10433684210568,80.59520000000056,61.85086315789417,51.7505684210523,57.29675789473635,77.64151578947373,75.21566315789474,73.9180631578943,74.48884210526366,76.58071578947377,74.08286315789466,69.99090526315788,76.40404210526412,84.99713684210579,92.56395789473596,95.5568842105262,87.07073684210484,77.83730526315786,65.74164210526305,72.05894736842095,82.7461894736847,87.306778947368,89.6061473684205,74.145852631579,77.64176842105323,81.02383157894637,70.61928421052663,71.46366315789453,67.28033684210602,103.8164210526319,105.23023157894673,107.78324210526343,104.36463157894698,102.10433684210568,101.26736842105282,110.43284210526221,111.79157894736913,105.92362105263227,93.9713684210514,87.48092631578737,80.24008421052713,70.88311578947325,75.06534736842121,86.00033684210518,90.09473684210494,81.66122105263209,64.59427368421002,75.89869473684207,83.22475789473891,85.86981052631496,88.5865263157915,88.01246315789572,91.99090526315702,97.04892631578954,103.85279999999942,102.68336842105352,101.91435789473584,101.27090526315872,107.20294736842047,110.62812631578852,107.27040000000143,108.62425263158002,109.14265263157799,106.23385263157903,107.9802947368415,107.26534736842089,79.35275789473532,0.2668631578959129,0,0,0,0,0,0,0.0030315789492880484
###############################
Run 5
9.487073684210529,34.50383157894736,71.672,110.05086315789472,108.88673684210526,96.31183157894732,80.54770526315787,71.21204210526317,68.7623578947369,72.02021052631581,81.6910315789474,96.1157052631578,75.65103157894734,68.47385263157908,87.20092631578945,99.02981052631577,94.99932631578945,88.16000000000007,67.87444210526311,61.293978947368316,61.24934736842115,78.53591578947376,76.87427368421051,83.23427368421042,83.30088421052616,73.93978947368426,66.71570526315804,77.76261052631585,83.0581894736844,64.71823157894744,52.42189473684196,60.565642105263194,50.580631578947376,62.02046315789469,74.56353684210536,65.61978947368421,64.08463157894714,74.5909894736841,68.1437473684211,56.90484210526368,47.32404210526271,58.34147368421052,92.31713684210526,99.21221052631584,75.12707368421042,69.94989473684211,90.83907368421096,90.28934736842123,86.44362105263183,82.28606315789493,81.20707368421,82.94147368421041,78.74484210526289,87.55949473684208,91.77911578947379,90.18088421052629,91.76084210526334,90.64050526315764,85.15865263157856,64.09498947368415,66.05111578947368,71.26256842105273,83.70063157894708,102.10964210526335,101.59023157894735,102.36656842105276,100.53120000000035,95.97221052631659,88.20092631578973,87.2193684210527,66.23486315789513,73.11166315789586,72.60917894736849,60.793347368420605,53.36437894736838,47.10231578947418,48.076294736841575,62.52387368421128,74.23932631578928,76.23149473684191,57.9250526315778,60.84042105263076,88.28353684210518,92.47225263157864,70.55183157894685,91.5781894736842,91.90509473684247,91.21018947368349,32.341473684210825,30.935073684211027,65.84816842105283,78.05246315789478,79.4010947368418,76.86711578947468,78.82871578947407,85.57566315789461,84.782736842105,88.25785263157908,87.39208421052592,94.1110736842108,91.55107368421078,98.67385263157877,94.5659789473678,86.56176842105316,91.12656842105241,85.93035789473633,84.54391578947444,80.18955789473598,65.13372631579004,46.28522105263073,85.89903157894815,84.19570526315822,83.8478315789476,87.17515789473725,71.90837894736912,89.50425263157835,90.91999999999955,85.24033684210448,84.98079999999989,89.62332631578983,88.01877894736901,74.32058947368348,64.76303157894682,43.91343157894641,31.795536842104124,60.39637894736858,80.58585263157798,86.68378947368421,80.14282105263143,73.95216842105344,73.46854736842225,71.48160000000117,73.10181052631665,77.62231578947313,77.95141052631726,85.17313684210421,85.26762105263133,86.75418947368598,83.24404210526203,76.64404210526251,87.55191578947185,87.76319999999846,90.20067368420841,63.50484210526319,34.1920000000013,65.1291789473697,85.27082105263281,91.82029473684116,20.86930526315882,0.07141052631500076,0,0,0,0,0.003388235296263113
###############################
Run 6
0.18517894736842103,16.311073684210527,31.98164210526316,28.3125052631579,36.76025263157894,47.91242105263157,47.65625263157899,91.7163789473684,88.35890526315787,93.82736842105264,93.27359999999996,93.83444210526318,70.78341052631578,64.68092631578935,51.448842105263054,68.64446315789463,65.05145263157901,58.67839999999989,80.59275789473685,88.40277894736839,77.92378947368422,67.15124210526315,68.45322105263173,63.03208421052623,57.233178947368394,64.51595789473691,87.69776842105264,101.40016842105261,90.89726315789454,76.43612631578962,68.73162105263161,59.748042105263124,63.328673684210465,78.6050526315792,74.09120000000041,72.11469473684247,76.70475789473669,61.954442105263155,52.818778947368486,64.73077894736853,92.85599999999955,96.18239999999966,99.53178947368399,93.6431999999998,55.043536842105084,87.22635789473662,102.6277894736842,102.62526315789452,100.74922105263137,92.94265263157872,98.99781052631565,104.8817684210528,101.78551578947368,104.36639999999993,103.58753684210485,108.7596631578944,106.49103157894734,104.4922105263158,104.68901052631557,100.42433684210556,101.00892631578877,96.08488421052625,91.51856842105238,77.03713684210543,62.73751578947356,66.99907368421057,77.75141052631601,76.76985263157898,77.92277894736918,72.70088421052701,65.09810526315864,59.4581052631575,51.74585263157855,62.050442105263706,69.6506105263157,71.26661052631526,67.15890526315769,52.71730526315806,61.7935157894743,71.62282105263162,72.53052631578947,71.19183157894776,72.15048421052607,60.441094736843056,21.88117894736838,18.060378947368342,34.386947368420806,46.80446315789571,59.76126315789363,68.29658947368492,19.853136842106036,51.329263157894225,60.583494736841345,49.530778947368354,54.32884210526338,67.53709473684204,74.8373894736843,78.9563789473684,73.56530526315773,68.0364631578952,55.232926315789214,64.95654736842138,49.80016842105215,59.87141052631542,67.24741052631592,61.080589473684945,69.19056842105324,76.24143157894723,72.23738947368355,74.71528421052713,70.73970526315813,75.11966315789418,76.87654736842097,58.835031578947614,48.380210526316226,63.42930526315836,75.54122105263177,72.95006315789459,73.02644210526284,72.69212631578955,73.6619789473695,75.56058947368456,76.05717894736915,79.26989473684276,81.10997894736772,83.24757894736793,74.81861052631541,77.30989473684171,73.92008421052675,34.97861052631522,31.67924210526364,52.0106105263159,66.2176000000009,66.89903157894629,20.96463157894696,29.267789473684196,52.21599999999853,54.29263157894686,54.37768421052648,63.7714526315784,67.44606315789353,70.47410526315616,74.12480000000055,74.61313684210549,71.78837894736812,0.40286315789480315,0,0,0,0,0.003839999999399879,0,0,0,0,0,0.08843636363632289

###############################
Run 1
0,0,0,0,0,0.5631058823529412,7.491115789473684,20.324294736842102,11.705263157894729,15.451705263157898,24.614147368421055,48.39747368421052,63.17322105263156,66.3897263157895,65.0510315789474,66.79738947368425,63.24690526315792,59.57153684210523,61.64909473684207,59.17692631578948,53.047494736842125,55.421810526315824,51.89397894736846,55.94374736842105,58.78964210526326,34.085136842105165,33.19402105263153,40.710484210526346,50.587789473684246,37.03006315789483,39.92387368421048,44.878989473684186,44.34871578947366,45.332800000000056,42.950568421052765,39.55284210526315,42.87730526315781,14.317052631578894,15.514357894736756,12.110063157894944,9.70408421052627,13.761768421052897,14.396800000000248,12.49869473684211,15.229726315789692,17.31098947368417,21.44791578947374,20.471747368421084,27.76825263157883,19.305768421052587,17.148968421052682,18.69827368421038,17.08597894736864,24.7725473684209,28.157221052631606,35.5269052631579,26.580631578947365,27.739452631578843,43.410273684210516,61.36084210526328,51.19461052631598,56.285052631579006,66.35006315789478,59.541978947368676,62.525389473684434,55.01684210526306,56.75385263157894,57.38416842105254,58.03983157894723,58.11132631578953,61.082947368420925,62.51966315789505,62.324126315789535,68.26484210526324,59.696926315789845,63.23107368421006,66.89810526315736,59.71629473684264,54.09692631578944,46.100210526315934,53.720757894736956,26.99141052631591,9.979957894736463,8.09827368421063,10.697936842105168,10.744589473684204,17.731705263157725,15.807157894736472,16.5161263157894,18.483705263157677,15.046315789473546,13.159915789473368,19.084210526316262,16.328084210525912,16.346189473684166,18.342315789473822,31.054231578947398,19.084463157895172,27.634610526315317,21.936421052632078,33.66635789473632,39.06501052631603,16.4999578947369,43.631410526316024,43.40917894736848,48.72126315789453,57.70585263157895,47.11418947368405,60.039747368421104,56.60353684210481,55.68522105263164,57.79949473684203,58.91031578947353,60.26408421052661,65.36757894736854,58.324378947368494,63.555199999999736,44.88387368421088,49.142905263157616,60.53734736842132,57.096842105263,56.88227368421059,61.77818947368403,60.66694736842141,55.31637894736868,54.30181052631544,54.229052631578604,17.046399999999625,21.91039999999978,16.6427789473681,16.761515789473354,21.904842105263207,18.79435789473674,17.3898947368421,17.799999999999727,21.155115789473424,18.72193684210551,18.356463157895057,18.77162105263204,21.316547368421293,24.971536842104125,47.228210526315564,59.01406315789532,66.34922105263166,66.14298947368441,63.737684210526055,64.88202105263218,63.53482105263251,66.16353684210505,65.4638315789474,58.488168421052634,62.04193684210575,38.41246315789464,0.04985263157873545
###############################
Run 2
0,0.027789473684210527,0,0.0030315789473684216,4.715368421052632,27.041684210526316,41.16943157894737,53.1920842105263,44.78568421052631,52.31098947368421,51.32050526315787,54.49221052631581,53.39983157894734,53.46795789473684,34.801431578947394,39.962189473684205,44.638315789473666,46.21869473684207,48.29962105263153,50.29288421052642,55.56909473684202,48.294063157894726,63.60639999999987,63.61894736842095,50.74686315789479,60.34349473684221,59.80185263157888,57.67730526315787,51.81338947368413,40.28261052631577,47.717052631579065,49.477221052631805,57.57675789473667,57.9870315789474,39.620799999999846,42.145178947368166,46.34728421052614,50.95915789473703,61.21709473684195,26.142568421052577,27.36159999999981,39.76109473684196,59.25793684210523,70.13591578947374,69.14627368421077,74.3077894736844,71.57945263157899,56.92572631578963,52.05532631578948,57.098694736842056,56.8565052631578,58.37305263157909,70.26054736842119,75.83023157894726,76.15115789473664,98.73069473684203,95.90602105263196,93.66795789473694,93.8612210526314,91.37903157894758,91.5551157894733,95.89642105263165,94.40842105263145,92.40934736842159,94.53322105263169,99.6525473684211,97.61456842105285,92.36437894736821,93.89734736842121,93.9488842105262,98.61018947368441,95.08143157894737,98.99797894736786,95.98408421052586,94.25456842105201,92.24960000000058,92.95098947368388,97.80101052631619,101.39621052631618,100.88084210526392,101.00892631578877,100.36193684210575,101.52783157894694,100.81717894736836,101.59301052631595,102.2412631578953,98.68193684210621,102.43402105263134,101.46063157894787,107.337347368421,106.10753684210474,102.68564210526308,103.14214736842084,102.69372631578933,100.75124210526323,97.29524210526363,93.80968421052641,92.19132631578998,91.0517052631576,87.3618526315795,86.27477894736833,86.96858947368439,85.10669473684247,81.8762105263168,81.4439578947366,78.82778947368335,78.4070736842104,75.6592842105264,76.63991578947389,80.28058947368447,75.35680000000029,72.54004210526307,71.22298947368371,77.41246315789508,79.6120421052628,73.51115789473697,72.21692631579022,75.3346526315789,66.74096842105332,72.13583157894821,79.26888421052593,86.98568421052641,83.60117894736791,81.08143157894693,84.68319999999973,84.9452631578946,80.9307789473678,80.50879999999971,80.72429473684224,80.01330526315805,84.18096842105307,43.37136842105362,60.4227368421035,76.6309052631593,80.06728421052541,80.19814736842244,46.480252631578736,60.395452631579055,75.37827368421044,73.74829473684306,73.7916631578939,76.53094736842114,81.58778947368343,79.64741052631707,79.40960000000096,84.126905263156,80.90534736842001,79.98762105263316,80.73726315789445,77.88016842105208,75.5259789473688,70.2352842105268,71.97305263157911,65.08631578947548,5.0108000000000175,0,0,0,0.0030315789492880484
###############################
Run 3
0,0.02172631578947368,21.59233684210526,39.88909473684211,38.55098947368422,46.15191578947369,56.37136842105264,62.62762105263157,69.4805894736842,66.53347368421048,66.69658947368414,70.1696842105263,70.24589473684213,69.23082105263151,67.82122105263159,61.695073684210456,56.01928421052632,53.680168421052606,46.298947368421004,46.991831578947384,45.99250526315787,42.74063157894725,46.26644210526305,51.039578947368405,53.18442105263159,53.66947368421057,53.927326315789514,55.552926315789364,54.38618947368414,48.67983157894736,12.013894736842184,11.831999999999784,11.42391578947372,11.778105263157924,13.893305263157847,18.734399999999894,16.97347368421058,18.647999999999936,18.576252631579024,18.571284210526073,16.893136842105307,16.76463157894725,15.160589473684263,19.731621052631596,17.828547368421106,18.322357894736808,19.69557894736849,25.540042105263026,23.987368421052523,24.40429473684186,38.37701052631575,40.30938947368435,31.399326315789423,46.20741052631573,45.38501052631582,40.20850526315784,59.61145263157882,67.06989473684224,61.28976842105269,68.96294736842103,67.85583157894735,66.19040000000017,68.94602105263151,65.46686315789489,65.1940210526319,64.68555789473685,70.35418947368426,68.42357894736803,68.42256842105299,68.44378947368425,67.0099368421054,65.74745263157914,65.15132631578928,65.75410526315804,71.84092631578933,73.05852631578952,71.9467789473679,74.17928421052633,73.83486315789493,72.79991578947326,72.54004210526307,73.43629473684216,52.99494736842091,21.295157894737233,17.168168421052375,18.726231578946944,18.806821052631722,20.86560000000011,24.33052631578939,26.157642105263342,48.65406315789486,61.36867368421092,32.65616842105242,65.17018947368486,75.78728421052634,80.38105263157927,78.36522105263181,76.38181052631604,75.5068631578943,72.1741473684209,67.47284210526256,64.90644210526314,68.20640000000104,73.39174736842108,76.41406315789433,70.15562105263216,73.30509473684192,76.74795789473711,75.77743157894713,70.192757894737,67.00901052631588,68.66778947368354,67.34223157894743,66.76143157894785,67.9255578947373,69.71671578947424,71.2874105263154,70.35275789473752,68.00084210526381,71.44496842105295,69.99157894736909,69.0267789473685,53.62938947368404,18.66821052631526,15.198484210527328,20.124547368421094,58.054652631579685,45.31890526315788,29.962947368420302,33.98703157894679,32.42534736842021,58.4547368421059,52.935663157895284,48.39713684210605,52.672336842105274,60.74593684210604,65.84816842105283,63.82290526315788,56.07132631578943,11.915199999999746,11.940631578947528,43.179284210526404,43.8060631578944,40.170778947368774,11.134400000000106,12.783663157895381,39.031494736842,40.62551578947358,38.35781052631606,33.64698947368412,37.543073684210675,40.42079999999978,38.25456842105268,35.576673684211435,8.930273684210844,13.816168421052872,37.21524210526288,12.883789473684566,0.13338947368370818
###############################
Run 4
1.16008,12.125473684210526,22.68564210526316,26.052884210526315,18.394357894736842,25.24084210526315,46.184,48.41818947368421,46.739200000000004,50.42686315789475,56.893389473684216,59.633515789473655,67.11696842105262,68.21583157894733,68.82307368421056,78.50602105263158,75.57061052631582,82.45953684210517,83.49608421052638,77.35216842105262,78.23654736842094,78.14981052631597,78.87284210526313,79.5213473684211,76.68269473684201,77.08261052631572,73.02484210526299,70.84597894736841,73.5643789473685,73.6393263157897,67.14197894736877,69.54559999999996,36.01305263157907,11.9267368421052,13.735410526315286,18.57473684210498,20.512084210526226,20.893810526315878,21.23031578947324,34.86964210526307,67.59065263157888,71.72732631578954,68.85818947368391,71.77364210526297,71.67764210526302,76.55343157894693,75.82071578947367,70.44193684210516,70.99486315789459,75.8735157894738,71.99915789473691,74.14778947368416,67.26189473684217,61.81599999999949,69.78298947368378,73.7921684210529,80.37296842105242,78.15014736842099,76.1429894736843,72.04479999999971,74.27764210526315,71.55873684210555,71.03957894736847,69.91149473684213,70.45414736842065,70.39621052631566,70.07705263157864,70.47679999999984,67.36210526315745,54.571536842105445,67.88269473684187,70.2224842105262,50.73145263157872,16.651199999999957,25.44042105263136,68.9717894736843,68.06450526315817,57.52597894736841,15.434105263157585,28.899873684210768,20.84479999999937,18.453810526315657,19.840084210526538,24.944505263157993,39.02029473684276,58.43317894736844,54.376589473684746,57.99317894736879,56.588800000000255,58.16320000000073,63.80673684210538,66.36454736842192,69.26324210526337,69.65330526315819,63.83789473684134,69.10088421052598,67.0036210526309,35.417178947367525,10.958905263158302,18.203452631579047,46.86543157894759,68.08581052631612,67.94677894736795,40.20176842105373,26.37684210526339,62.76378947368477,59.10214736842064,63.079073684210876,35.366147368420954,14.979536842106187,58.09911578947346,62.08496842105337,66.60370526315809,37.8524631578952,16.40707368421054,61.717221052630954,64.6910315789479,70.29170526315833,66.93473684210498,58.89835789473756,70.21406315789496,49.29296842105343,7.965726315789748,18.194694736842777,12.238568421052102,12.920589473684997,12.654231578948096,13.405810526315738,19.631242105264104,19.699115789473197,52.14492631578914,50.97288421052685,57.343410526315985,33.38593684210489,25.58821052631581,54.68707368421101,54.84766315789545,54.339031578946994,0,0.07447272727280176
###############################
Run 5
0.04568,0.01658947368421053,0.14576842105263155,0.21709473684210528,0.028378947368421094,0,0,0,0.27017142857142845,9.683957894736842,11.624926315789473,14.45237894736842,15.242021052631575,25.714189473684208,24.911157894736846,33.90837894736842,58.22273684210525,52.119915789473666,54.235789473684214,53.155957894736886,55.54526315789476,63.535831578947395,68.64488421052627,67.78037894736839,62.164800000000014,54.13827368421051,61.01263157894736,55.26719999999997,53.80227368421051,60.51124210526321,72.22905263157898,71.20833684210527,67.17094736842095,69.15301052631578,62.972042105263284,66.16732631578957,69.00328421052647,71.07738947368424,67.74265263157896,63.12042105263165,56.78981052631595,66.43317894736835,67.89406315789482,55.692968421052576,65.89776842105266,49.015494736842186,15.847831578947224,20.31722105263133,38.334821052631554,32.757642105263145,29.40303157894726,27.2248421052633,16.0095157894737,19.628968421052736,55.21785263157905,56.509136842105306,52.649010526315756,63.340042105263116,59.10863157894734,64.16033684210507,69.89018947368388,64.80741052631569,66.89061052631563,65.66096842105277,66.74147368421053,55.379284210526315,62.04656842105219,65.09524210526276,68.35629473684226,63.68421052631591,70.76345263157907,69.17844210526327,66.88791578947314,71.52067368421058,75.47519999999993,64.29178947368392,21.39705263157937,62.08749473684185,54.653894736841984,55.92378947368448,61.40555789473685,70.11595789473704,66.88050526315811,56.503663157894536,42.918989473683894,44.77296842105297,29.653221052631363,29.647157894736978,31.38720000000005,38.231326315789566,46.520079999999666,49.36471111111145,48.4181894736839,43.043536842105226,54.88143157894719,61.41440000000043,70.5403789473687,67.91705263157813,71.10012631578923,69.72042105263115,69.46821052631549,65.95132631579011,62.16336842105289,65.40437894736897,65.32555789473655,66.80303157894693,67.25886315789467,60.73835789473642,30.060547368421602,38.86021052631613,67.69599999999969,61.18133333333289,59.33536000000004,32.35413333333352,38.687663157895116,62.591999999999885,70.30256842105197,68.58568421052712,44.6149052631582,26.747439999999187,67.54293333333408,67.8642526315798,56.38144000000011,59.50324210526369,55.91182222222213,57.86416000000031,77.24773333333259,74.2238315789468,69.78341052631669,69.84976842105233,69.30770526315834,50.59215999999992,23.113155555555903,16.373389473684302,34.279599999999846,37.95226666666672,16.62138947368404,21.560080000000426,20.148000000000998,34.69389473684116,61.630879999999024,64.95890526315706,63.11073684210466,61.4646222222215,67.90181052631635,66.90583999999944,70.10764444444501,67.15848421052718,60.60269473684193,66.14808000000039,65.93263157894734,69.29473684210495,67.1267368421049,44.910231578947595,55.39528421052661,61.10151111111135,33.48185263157814,13.717679999999746,15.856421052631289,26.57279999999926,45.978240000000596,16.47519999999914
###############################
Run 6
2.1592,10.197978947368421,25.013978947368418,35.90913684210526,41.96151578947369,44.23292631578947,50.50964210526315,60.24252631578948,61.48901052631581,59.460884210526324,76.07806315789469,73.50088421052635,40.28547368421052,32.64454736842109,30.531789473684217,32.186021052631546,43.84917894736843,54.25675789473686,57.19326315789467,52.04825263157886,51.14913684210523,65.05557894736852,70.22290526315791,63.955031578947505,66.99637894736853,55.65288421052634,44.9721263157896,57.80370526315796,54.813136842105486,54.007494736841984,61.697852631578755,62.53751578947381,55.427536842105205,44.10880000000002,41.79604210526302,70.46366315789453,69.59107368421057,48.08218947368405,63.424168421052606,58.74400000000001,59.31755789473677,47.45760000000013,54.90618947368435,25.00774736842094,21.55023157894729,15.71326315789478,14.767326315789456,11.386189473684357,49.54981052631584,61.14526315789464,61.35806315789469,65.6752000000001,57.06585263157894,62.039073684211054,63.58879999999987,60.58829473684239,66.95654736842076,28.09793684210538,60.290863157894435,46.634947368420995,20.908294736842123,17.16842105263188,14.225178947368764,55.406821052631464,54.27014736842107,46.792168421052935,46.898189473684305,48.38989473684203,53.11098947368428,48.24471578947336,42.63402105263152,41.57886315789423,44.66736842105272,61.506273684210555,57.99435789473723,63.03191578947343,65.72850526315806,42.32286315789464,50.22821052631583,51.300294736841735,50.75595789473697,36.16429473684212,47.56968421052618,67.6466526315787,57.37178947368396,40.71898947368445,46.083536842105616,44.318821052631485,48.482442105263374,59.78981052631561,52.81439999999975,52.947115789473436,51.98694736842108,60.626105263157854,58.53431578947385,60.68968421052612,59.72934736842035,56.93625263157915,55.485389473684386,63.95646315789379,65.94408421052609,65.14324210526243,65.68698947368448,62.48387368421055,65.1878736842108,63.79528421052543,65.34854736842135,64.43890526315835,60.90492631578974,57.01995789473753,54.088505263158176,58.86147368421103,60.35520000000002,59.95604210526333,55.407831578947096,55.13069473684146,61.73768421052668,65.95233684210574,36.9525894736841,62.579536842104304,62.52042105263148,60.47385263157857,60.73221052631652,54.139031578946934,58.0552421052636,59.9778526315779,56.33338947368429,54.995368421052596,56.9603368421057,53.07536842105348,54.85136842105236,41.31208421052562,12.023494736842478,12.079157894736694,49.053894736842174,54.33717894736793,54.367831578947275,57.54391578947266,26.714694736841395,55.41633684210506,39.84547368421006,22.354442105263747,8.071326315789998,13.61633684210502,65.31410526315778,80.55250526315736,87.99696842105205,85.63031578947438,45.5761684210529,0.07949473684244654,0,0,0,0,0.0030315789468946413,0,0,0,0,0.0033882352949256207,0,0,0,0,0.0033882352935881285
###############################
Run 1
0,12.01844210526316,47.40555789473684,57.701557894736844,52.1578105263158,41.52631578947369,79.04665263157894,80.9328842105263,75.89625263157893,79.1407157894737,86.17448421052627,64.83486315789465,62.639157894736734,55.49212631578939,60.86240000000007,61.54071578947383,79.59663157894748,81.49599999999998,84.60286315789476,86.04522105263155,86.26745263157896,80.0763789473685,77.71932631578932,77.14627368421068,76.8645894736841,87.93440000000002,64.55040000000018,59.74964210526297,64.81263157894725,84.59368421052586,83.42720000000016,85.53743157894742,86.00058947368409,91.01162105263137,89.2295578947369,71.96454736842115,72.09355789473672,79.27991578947417,72.05178947368422,74.76202105263167,90.11536842105227,90.40673684210525,87.14610526315805,92.9903999999995,90.53355789473675,97.79999999999997,103.13835789473663,101.54046315789473,100.85002105263118,89.04665263157887,75.87898947368426,73.34501052631535,92.49549473684175,82.15368421052625,108.02526315789488,78.38821052631602,95.83014736842092,88.63292631578983,73.23738947368383,75.37776842105264,70.82408421052654,63.65861052631532,65.99258947368358,83.30366315789506,79.20581052631549,83.73279999999987,96.1313684210525,99.26172631578898,101.07461052631558,93.17229473684189,99.70585263157965,100.63932631578969,98.71098947368361,87.31200000000076,91.73195789473634,101.78753684210494,111.53128421052602,116.38315789473741,112.31048421052611,117.35713684210599,124.22113684210552,122.15393684210588,119.35848421052542,116.63983157894731,108.4284631578947,111.47040000000025,118.25886315789376,113.2776421052636,118.4520421052627,118.90475789473744,116.25204210526327,117.09322105263087,116.70627368421026,112.04951578947419,111.72934736842092,116.38155789473666,113.7946947368415,112.69642105263229,107.980547368421,97.60421052631524,75.33271578947374,87.93153684210593,95.13903157894794,93.07578947368351,92.04075789473575,90.94871578947372,86.34938947368482,85.89498947368443,86.39149473684053,90.03048421052546,82.9284210526303,76.62787368421242,82.91334736841954,77.90088421052612,80.04345263157838,79.7127578947359,78.18282105263279,79.16218947368274,82.76471578947405,85.03225263157937,90.11755789473634,91.50239999999988,92.02155789473755,91.11461052631584,93.38147368420994,103.91494736842154,103.68934736842148,99.17431578947368,101.53743157894544,100.66753684210485,77.36311578947415,94.73271578947453,58.66349473684223,66.25524210526237,64.32631578947478,69.8061473684208,11.72345263157934
###############################
Run 2
52.60387368421053,101.39039999999997,118.51747368421054,118.97313684210528,118.25894736842103,114.24741052631572,107.26635789473686,108.6282947368421,100.94450526315799,101.203452631579,96.25869473684213,95.60185263157899,92.4208000000002,88.3949473684212,97.1742315789473,98.6521263157894,92.1496421052633,93.18593684210501,87.43856842105276,84.7344842105264,87.25886315789472,90.34913684210527,90.75452631578945,92.51722105263173,95.20193684210528,100.94576842105252,101.46315789473665,93.31149473684228,101.85119999999989,101.27014736842081,99.84808421052632,102.11115789473679,109.85734736842149,113.47402105263164,119.16370526315751,117.4811789473683,114.95797894736873,110.43410526315795,117.2890105263156,116.51157894736846,119.29541052631616,121.43258947368467,117.67486315789508,121.03983157894737,114.11974736842072,110.88656842105257,119.03444210526304,115.80008421052585,119.03444210526304,118.19343157894764,118.90458947368404,111.2154947368421,104.76353684210535,98.51806315789537,96.58938947368489,77.73852631578872,87.881684210526,95.2613894736846,100.62391578947451,94.51317894736827,93.88042105263139,101.07461052631679,95.42804210526283,101.62282105263186,114.95991578947388,115.41288421052693,120.98324210526243,124.3503157894733,123.82896842105335,120.40303157894796,118.97136842105259,118.96943157894744,115.21717894736771,106.90863157894671,102.27132631578833,81.12968421052612,100.39738947368373,95.64000000000067,69.55267368421119,50.98568421052685,44.94795789473636,64.06837894736854,96.43292631579027,110.75949473684216,103.85760000000046,99.68892631578983,101.76252631578886,104.6382315789479,111.33928421052612,125.51553684210448,123.71098947368482,128.30357894736872,125.13018947368342,120.7258947368437,120.91258947368595,117.6171789473684,122.79604210526294,117.48547368421035,111.20993684210494,111.34256842105252,120.26610526315716,111.40235789473655,106.64993684210553,80.89296842105173,100.35359999999999,101.46416842105377,104.49372631578865,115.09145263157973,116.64143157894566,114.18341052631388,108.30543157894681,102.87865263157744,101.01044210526341,103.3326315789461,100.42661052631574,106.5515789473705,109.46273684210753,112.95486315789515,89.50256842105391,86.29187368421155,87.00193684210622,92.49288421052657,103.85355789473674,95.97962105263161,89.39578947368462,101.3997473684221,100.4283789473663,106.49507368420927,107.65844210526139,77.12597894736686,0.28320000000061746,0.0030315789468946413,0,0,0,0.011520000007294584
###############################
Run 3
36.248336842105225,64.99200000000005,66.64311578947373,60.856926315789465,49.72648421052638,64.22164210526314,42.93322105263168,49.92572631578941,45.2319157894737,68.47284210526313,56.180884210526244,69.61633684210524,61.3420631578947,80.0441263157896,75.76101052631573,52.773389473683984,33.40875789473689,55.60522105263167,62.238736842105205,59.749052631579055,55.40387368421067,65.23149473684205,65.12294736842101,61.55393684210522,84.67747368421036,69.61768421052619,63.59275789473689,85.10652631578967,69.28589473684197,60.56058947368444,89.36732631578934,96.9145263157893,90.14341052631583,81.01136842105258,90.20985263157878,100.55595789473692,88.10837894736838,77.37473684210511,76.04682105263213,84.2792421052632,89.98871578947357,92.30475789473698,93.1240421052627,91.49524210526316,93.17785263157906,95.11098947368437,94.97734736842116,93.14096842105252,97.1191578947373,86.25608421052615,81.73818947368426,77.04867368421087,90.47191578947366,95.7546947368416,92.4287999999999,77.79461052631524,80.74501052631568,92.90004210526341,92.5654736842106,93.18922105263171,93.72757894736878,90.98425263157903,92.2662736842097,88.03006315789438,85.8126315789473,88.32858947368406,82.67966315789444,80.30442105263151,88.21229473684238,92.54298947368481,92.66046315789553,92.81246315789471,92.36665263157839,93.70273684210493,91.84850526315753,93.83073684210606,98.69153684210592,99.84581052631495,94.09608421052613,92.52143157894734,100.40412631578994,86.22391578947277,87.88589473684313,79.71865263157987,74.1910736842101,93.02989473684241,93.72429473684238,84.13423157894732,84.70029473684176,76.19696842105225,81.51376842105205,78.98147368421058,75.89473684210564,76.93094736842124,72.79941052631546,66.57945263157934,62.76875789473682,70.71225263157909,57.17928421052564,68.43208421052599,65.58475789473673,52.367410526316185,48.7364210526314,57.34332631578989,66.32522105263241,76.69440000000027,75.95073684210428,70.30088421052632,71.22955789473652,81.35814736842086,74.22324210526288,84.03865263157849,85.40690526315662,82.81322105263155,77.71949473684272,74.33128421052731,76.00437894736723,81.68193684210372,85.98981052631595,85.77490526315734,84.37490526315933,77.69768421052696,75.89498947368395,84.48319999999848,78.8714105263161,69.57768421052606,65.98383157894732,75.1722105263166,34.15351578947402,55.50812631579088,70.40126315789261,70.75553684210382,70.47730526315766,65.32884210526295,63.32496842105205,68.01776842105123,54.366231578947726,54.74366315789475,11.442273684209987,0.7722105263167721,0,0,0.0030315789468946413
###############################
Run 4
3.496421052631579,11.39301052631579,96.30627368421057,87.39183157894746,61.21987368421054,64.54686315789472,85.70585263157906,97.60496842105256,102.07233684210524,103.3845052631579,99.67932631578952,107.01675789473663,100.99755789473672,106.56126315789481,103.98012631578933,101.22644210526316,96.2809263157896,82.22122105263183,72.75663157894734,91.8896,90.74509473684226,60.83503157894729,76.77145263157914,67.65726315789463,64.2782315789472,70.4427789473686,82.01296842105242,92.40050526315802,86.43562105263167,102.3354947368423,75.21355789473678,82.40968421052673,98.20244210526306,103.39831578947353,96.1121684210525,97.75806315789468,98.19688421052588,103.6668631578945,105.27309473684215,101.66021052631561,95.79183157894764,95.83124210526326,94.83006315789513,97.89726315789505,99.17431578947368,100.34282105263185,92.10568421052585,81.7040000000002,64.26467368421048,50.464252631578994,44.824084210526244,72.0960842105264,71.50416842105307,73.77928421052562,83.08480000000002,77.58854736842079,78.5467789473686,84.96320000000004,74.0290526315795,76.26197894736906,76.22290526315786,86.24538947368413,80.989389473684,70.95469473684166,74.53633684210433,75.097515789474,76.17768421052676,76.09052631578977,76.21061052631568,75.23890526315786,80.21734736842063,82.72589473684236,82.83553684210634,85.33187368421079,85.14442105263123,85.29397894736863,83.07974736842186,77.55789473684266,65.89709473684204,68.62661052631617,72.2551578947368,69.56353684210482,69.43082105263113,76.26122105263173,70.94265263157898,72.00901052631491,75.86341052631508,69.10366315789456,65.91621052631653,76.59705263157848,80.64816842105229,78.1604210526319,79.26871578947492,77.47098947368397,72.85355789473621,78.68943157894759,76.55292631578911,75.72362105263198,75.07595789473653,75.3995789473684,72.15200000000071,76.9548631578944,73.3500631578947,75.57221052631552,70.96126315789566,37.16227368421115,60.33684210526285,77.71839999999979,76.2730947368422,72.46197894736916,66.2431999999997,77.67200000000086,87.79199999999994,84.05970526315814,87.26879999999973,67.40353684210372,84.86197894736793,82.01557894736939,82.04934736842054,83.18551578947431,87.17583157894727,80.93852631578844,69.202526315791,51.882778947368166,80.28993684210467,91.5845894736848,92.29793684210468,91.18652631578746,109.97675789473617,112.114863157893,89.10408421052604,71.50669473684215,81.26442105263347,101.5202526315773,104.23806315789318,101.97600000000133,28.012126315790834,0.102484210526056,0,0,0,0,0.0030315789468946413
###############################
Run 5
0,0.12536,16.35755789473684,48.06888421052632,38.83553684210526,31.468210526315776,28.752084210526313,36.67149473684212,46.68463157894737,60.76513684210528,56.807410526315785,77.65187368421059,91.7270736842105,88.53701052631584,97.9915789473685,92.0471578947368,84.2750315789474,70.57886315789479,45.40774736842111,91.03663157894744,101.34618947368422,92.08934736842097,87.64353684210546,62.7680000000001,46.17338947368449,51.96538947368421,62.99991578947374,55.93221052631604,69.40058947368411,62.90155789473661,55.64606315789463,60.29810526315786,73.89482105263147,90.35216842105277,103.78560000000004,102.16496842105255,81.62669473684242,78.20547368421079,73.24218947368428,70.95191578947367,76.29094736842094,82.17364210526296,78.55747368421062,79.32496842105246,81.9018105263156,83.50138947368434,92.5066947368416,90.27722105263126,87.44101052631574,78.49566315789473,75.94947368421033,80.5314526315789,78.30164210526296,77.4393263157896,78.76581052631585,77.77263157894727,74.6458105263161,77.3418105263156,71.43915789473687,72.44252631578966,64.53616842105284,73.48749473684214,75.29120000000016,77.25473684210532,76.74863157894714,77.50248421052675,78.68825263157855,86.92640000000019,84.60345263157897,80.14273684210534,84.88218947368415,87.59014736842083,81.38071578947275,79.49802105263188,78.80825263157836,78.22644210526313,78.54913684210428,77.03157894736825,77.62172631578922,68.28362105263152,75.53406315789505,50.260968421053136,44.40488421052674,47.37482105263217,53.203705263157836,60.09204210526341,63.13684210526365,58.120589473683616,54.50753684210548,58.78652631578892,57.796378947367835,53.268799999999544,51.04294736842061,61.40749473684321,53.234442105263284,29.911578947368117,33.087073684209585,53.41844210526305,51.4194526315781,63.04614736842077,61.034947368420944,65.31797894736931,63.99612631578891,69.7514947368422,68.4751157894736,68.50618947368348,71.64075789473708,74.04993684210456,66.7141894736843,62.91031578947408,63.84042105263162,66.28631578947342,41.3343157894731,25.615410526316545,40.07503157894773,71.37069473684205,78.37658947368446,76.82357894736805,82.55663157894655,74.34298947368437,73.50105263157946,76.86618947368396,77.13616842105166,80.24008421052713,76.51065263157881,76.2731789473683,78.37541052631542,98.68117894736889,103.8457263157876,107.09456842105283,108.4317473684199,108.62551578947397,104.03722105263209,101.58972631578955,83.19090526315688,88.29759999999911,63.747284210524555,0.3074526315805614
###############################
Run 6
0.0024000000000000002,10.269810526315789,27.18088421052631,28.03427368421053,59.89431578947367,48.25793684210525,54.16050526315792,64.12825263157896,73.65869473684207,68.2954105263158,61.50282105263157,92.70046315789476,96.60648421052623,80.4295578947369,77.68109473684214,61.48421052631571,59.473094736842015,52.085052631578996,71.65094736842097,73.7238736842106,91.40707368421054,95.53423157894731,91.36193684210525,98.62719999999973,88.89338947368425,79.56909473684217,84.68597894736831,77.86745263157879,72.44816842105263,84.66812631578956,103.29120000000013,117.74256842105258,95.62349473684196,66.31090526315778,50.69701052631576,60.300547368421135,56.67494736842131,64.76707368421054,77.4032842105265,73.5743157894735,74.31873684210562,89.72101052631604,92.32976842105305,87.40319999999967,93.25768421052592,93.1207578947369,92.2340210526314,82.55065263157887,72.42239999999954,75.79949473684182,58.64522105263177,50.61743157894721,65.1420631578946,72.48387368421044,79.03309473684227,94.14273684210517,99.74947368421059,86.54964210526319,90.72724210526292,109.46576842105263,106.36951578947351,100.94374736842096,100.16791578947337,105.72505263157896,103.9139368421053,102.17406315789503,95.322610526316,84.50130526315853,86.5205894736846,91.7888842105257,96.52749473684229,80.27098947368358,66.56572631578862,67.1690947368425,55.730863157895044,60.669136842104884,63.417684210526204,64.35427368421044,53.17945263157909,63.36336842105203,75.67839999999968,112.43747368421043,109.91747368420994,84.43183157894629,62.788463157894036,119.14349473684189,118.06408421052646,115.73557894736926,117.28791578947326,117.28774736842105,116.31722105263107,116.7045052631573,116.96353684210527,118.90442105263183,114.31183157894674,117.48227368421124,119.16412631578983,117.61162105263243,115.1521684210533,107.27469473684228,109.4647578947376,107.8471578947361,109.85355789473726,107.3307789473694,112.31090526315784,117.80488421052628,117.48227368421004,114.70122105263152,108.75258947368438,107.97877894736806,111.34155789473688,106.16993684210397,109.59435789473709,109.65852631579047,108.81877894736662,85.42357894736692,91.08572631578825,89.23149473684086,88.39856842105291,99.00479999999956,104.16934736842067,118.38778947368442,117.35258947368445,111.98627368421033,105.65305263157825,109.27225263157868,103.4622315789468,100.10172631578874,105.59216842105248,117.28698947368493,114.95957894736948,119.74576842105164,117.86922105263186,107.01322105263132,103.14063157894739,106.55343157894717,105.79301052631595,99.16774736842088,92.84640000000046,94.7221894736853,97.76993684210395,76.72244210526323,72.06669473684279,64.81701052631539,2.3577263157891903,0,0,0,0,0,0,0.096319999993284